216  121
216  27
216  205
216  21
217  168
214  35
215  174
212  183
213  173
210  98
211  259
165  88
264  224
265  68
218  269
219  71
219  255
133  167
132  229
131  243
130  249
137  272
136  268
135  182
135  209
135  113
134  146
139  267
138  236
166  161
24  57
25  19
25  158
25  103
26  7
26  78
27  121
20  32
21  121
21  205
22  258
22  48
23  233
160  142
28  253
29  277
161  8
0  30
0  105
4  287
281  79
281  67
283  192
163  164
285  280
285  15
285  179
284  204
286  154
119  176
258  48
120  208
120  73
121  205
122  46
123  128
123  200
123  263
124  110
124  254
125  177
125  288
125  180
126  62
127  9
127  117
127  232
128  263
128  200
129  241
118  188
59  140
58  149
55  17
54  270
54  83
54  39
56  76
51  80
50  100
53  252
53  81
52  150
201  60
201  14
201  112
199  196
199  171
199  34
179  15
200  263
200  143
195  240
194  206
197  220
178  38
178  70
191  5
190  115
193  198
114  230
114  223
114  187
89  85
111  94
110  254
113  209
112  60
112  14
82  273
83  270
83  39
81  252
86  282
87  91
87  18
87  99
87  40
84  148
251  64
256  271
226  202
257  189
257  12
3  2
177  288
177  180
177  235
247  275
255  71
225  106
245  170
244  108
244  144
108  144
109  6
242  170
102  44
103  158
101  277
107  233
104  75
104  175
39  270
38  70
33  97
32  184
32  185
31  144
37  16
36  279
34  196
34  171
246  221
223  230
223  187
60  228
60  14
61  10
63  237
65  156
66  157
67  69
67  79
175  75
175  93
172  181
203  248
222  48
288  235
288  180
182  209
180  235
162  260
187  230
184  185
186  147
99  91
99  40
169  92
169  156
91  18
91  40
90  72
93  75
92  156
95  227
96  204
11  250
13  141
15  280
117  9
117  159
116  260
274  145
275  231
151  234
153  49
152  278
155  266
159  9
159  232
238  45
239  207
232  9
47  43
42  261
41  276
1  74
143  263
77  262
