24  26
24  27
25  64
26  27
27  83
27  65
20  76
20  48
21  35
22  64
23  56
23  72
28  70
28  6
29  57
0  74
4  11
4  30
8  63
59  87
59  40
58  34
58  6
55  36
55  53
55  78
54  47
54  79
56  72
56  43
51  49
50  90
53  36
53  78
52  91
52  44
88  39
89  38
89  14
82  32
83  65
80  2
81  77
81  69
86  48
87  5
87  40
84  46
84  17
85  10
3  76
7  68
7  61
38  14
33  60
33  16
31  37
31  41
30  11
37  41
36  78
35  13
34  70
34  6
60  16
61  68
62  45
66  71
66  67
6  70
91  44
13  15
12  46
12  17
17  46
19  18
48  76
47  75
47  79
42  73
40  5
1  9
75  79
